7471
5384
1281
4109
5864
8742
1554
9550
632
4537
3295
7948
5295
5599
615
5381
2283
6779
8183
3941
6989
4203
8685
6839
1556
5198
6564
1852
7787
1058
8169
6625
591
9769
815
9840
3027
3766
2303
2744
2232
381
1886
6688
1477
9212
1742
596
6390
4678
2096
526
4326
3054
3771
1531
1239
878
6184
2256
1314
2519
3994
4065
7090
5206
2269
6358
2657
3687
6480
6773
3904
9628
2359
8680
9572
3923
3420
2557
1412
8230
6513
1529
3239
5680
4473
1741
5630
8011
850
7600
5789
6767
8921
4500
5675
8313
851
2769
9435
3343
5922
1440
1522
4701
1959
970
6178
5504
2923
8453
4089
5218
9895
6857
6746
9709
1054
7219
6696
7644
1148
4177
1513
5274
2008
9602
5584
4160
6013
856
1752
8168
3956
702
3357
6947
9251
2887
1253
7462
4297
7228
4531
1977
1534
8105
1586
7725
7913
3944
8195
2398
5371
4686
7717
4506
2939
4752
9358
223
4942
9341
3469
2382
6589
3603
9270
6356
1578
3079
3121
424
3862
920
1783
8490
2623
8585
6646
121
4098
3691
4523
709
3308
5029
1001
4197
9034
2454
2367
8113
822
6895
9878
5469
9790
9617
9714
5961
746
7452
8128
7977
9621
1272
87
5577
2102
5966
9110
8087
7350
2201
8972
2507
1956
9579
5252
8600
2846
3590
9524
3717
9909
4598
5213
6165
2034
4490
5514
129
4023
585
7797
2467
5330
3974
5749
1601
8652
5549
1437
4051
7777
3586
2808
1196
5642
2495
858
2340
3898
3373
5915
9993
6067
6226
9834
6837
966
3688
5383
9325
2246
5606
8953
2594
4206
9057
2211
8104
5841
6835
114
6311
3793
2387
285
2826
8322
6521
1392
9799
4953
5750
7000
3333
6424
715
3382
5771
7435
9951
4175
9851
5823
9941
5810
171
5969
7426
7371
9338
8640
575
9364
1355
8476
2180
9484
4567
1132
3178
4841
8403
7234
6819
3970
3948
6488
1589
2584
9450
2146
9178
3169
9618
4061
6366
6783
1683
1218
5282
3922
4306
4046
2777
5776
1496
8505
5250
8786
3508
9369
7880
1978
6341
4695
5529
8404
1276
7552
544
16
1325
6840
8214
5537
2917
3543
8649
5012
8422
4164
8767
2897
3087
6490
238
4617
7175
9706
5362
3124
6032
7640
6808
6297
4397
150
5704
4196
6215
800
6026
9569
2866
9966
3442
4946
6863
6123
8123
4137
8385
475
5046
1857
7353
2121
6204
783
182
9205
6225
7304
5263
4471
2251
9058
900
1027
3728
9513
4021
6533
4349
3767
5265
569
9246
1197
2617
5208
4858
6487
1980
3085
7117
3975
8021
1869
546
9162
1927
8916
3909
7991
3168
3779
6763
7836
6
8417
633
9437
7086
8443
5542
3816
8710
9273
7215
4345
5257
5615
4540
7651
5364
382
1011
722
9845
4915
7412
4495
4605
3856
8423
6702
2111
969
4230
3433
9396
7003
5817
3860
500
5565
7923
1078
1294
4336
1755
9474
991
7378
1565
9335
6726
6936
2231
9730
2265
9813
6529
